{"name":"CameraBookmarks","class":"SimGroup","persistentId":"297f5227-f013-45ed-beee-7022ee801c7f","__parent":"MissionGroup"}
{"name":"Water","class":"SimGroup","persistentId":"47f9471e-541b-4fd6-a9ee-88867ce7f681","__parent":"MissionGroup"}
{"name":"vegetation","class":"SimGroup","persistentId":"6aed09ea-f13a-4bd2-9fa5-6f99959ee058","__parent":"MissionGroup"}
{"name":"sidewalk_patches","class":"SimGroup","persistentId":"6e01be7c-e438-4a4a-8b04-b1ee7c4837f0","__parent":"MissionGroup"}
{"name":"PlayerDropPoints","class":"SimGroup","persistentId":"6ff78b92-7ec8-44ad-bb50-a2d03c2d8b84","__parent":"MissionGroup","enabled":"1"}
{"name":"DragRace","class":"SimGroup","persistentId":"7fb72f73-d488-4e7e-9727-6a68f0232f42","__parent":"MissionGroup"}
{"name":"driftTrack","class":"SimGroup","__parent":"MissionGroup"}
{"name":"Audio","class":"SimGroup","persistentId":"7fb72f73-d488-4e7e-9727-6a68f0232f46","__parent":"MissionGroup"}
{"name":"pumpjacks","class":"SimGroup","persistentId":"25593862-4a26-4ed5-b8c9-96c151eaea7e","__parent":"MissionGroup"}
{"name":"busstops","class":"SimGroup","persistentId":"99516639-67eb-45cc-a2fd-e5edc0cd1418","__parent":"MissionGroup"}
{"name":"theForest","class":"Forest","persistentId":"7784d36c-43ec-4a68-a2e1-d11181eff095","__parent":"MissionGroup","position":[0,0,1.50421321]}
{"name":"Buildings","class":"SimGroup","persistentId":"ab3675d6-11f3-4618-8454-c68384b22706","__parent":"MissionGroup"}
{"name":"StaticObjects","class":"SimGroup","persistentId":"7f2fbc41-890e-4a03-ad30-52fcec25403b","__parent":"MissionGroup"}
{"name":"DecalRoads","class":"SimGroup","persistentId":"e7495bdc-8bd4-4e8a-82c7-cff539485467","__parent":"MissionGroup"}
{"name":"Track_meshes","class":"SimGroup","persistentId":"edef3060-1db0-4b56-b6bb-3a1d7268c202","__parent":"MissionGroup"}
{"name":"AIWaypointsGroup","class":"SimGroup","persistentId":"f1a112a6-ae10-45fd-8018-0a8ff4a172d6","__parent":"MissionGroup"}
{"name":"LevelObjects","class":"SimGroup","persistentId":"fb0c58eb-64d2-470d-bb96-fcff780aab80","__parent":"MissionGroup"}
{"name":"road_signs","class":"SimGroup","persistentId":"c9011d5d-ca33-4fc7-8f75-daf4a437ffaf","__parent":"MissionGroup"}
{"name":"trafficlights","class":"SimGroup","persistentId":"9433b5fe-df7e-4be2-8707-31f7adeaebd4","__parent":"MissionGroup"}
{"name":"tunnels","class":"SimGroup","persistentId":"0843569f-c6f6-4be4-b42b-47cec8e299f2","__parent":"MissionGroup"}
{"name":"career_garage","class":"SimGroup","persistentId":"3c19de8a-0cec-4df8-ab13-9dccce99d47e","__parent":"MissionGroup"}
{"name":"dirt_decalroads","class":"SimGroup","persistentId":"7e994dc8-9f15-4a28-8820-c93649f2b790","__parent":"MissionGroup"}
{"name":"quarry","class":"SimGroup","persistentId":"73e07564-bcdc-4d9f-87ce-a4bcba3fb33c","__parent":"MissionGroup"}
{"name":"movie_studio","class":"SimGroup","persistentId":"9958b1ea-f6cf-42e9-b47d-32f61cbf7bbd","__parent":"MissionGroup"}
{"name":"port","class":"SimGroup","persistentId":"71defa49-7edf-4b14-a3ad-18d1a3467cb8","__parent":"MissionGroup"}
{"name":"gas_stations_decalroads","class":"SimGroup","persistentId":"37dd14ef-43e0-408e-9154-7b94d8c17833","__parent":"MissionGroup"}
{"name":"PoliceStation","class":"SimGroup","persistentId":"55c2ffd1-1619-49ca-86d3-634a32d03af6","__parent":"MissionGroup"}
{"name":"steel_factory","class":"SimGroup","persistentId":"a93d2eab-e901-4338-84c9-2c38fbb89727","__parent":"MissionGroup"}
{"name":"island","class":"SimGroup","persistentId":"ce877d57-80e6-4196-8de0-661b89ab558c","__parent":"MissionGroup"}
{"name":"fuel_stations","class":"SimGroup","persistentId":"2176011d-fb09-4f2f-af52-976c31164e81","__parent":"MissionGroup"}
{"name":"beach","class":"SimGroup","persistentId":"3c27cf3c-8978-4ee4-816a-c3b9d66d0200","__parent":"MissionGroup"}
{"name":"offRoadCircuit","class":"SimGroup","__parent":"MissionGroup"}
{"name":"dealerships","class":"SimGroup","persistentId":"5ea3f7e9-4120-42fe-90d4-78e44e910856","__parent":"MissionGroup"}
{"name":"port_public_area","class":"SimGroup","persistentId":"9b7fa8bb-518d-4d01-8480-f6af8802872b","__parent":"MissionGroup"}
{"name":"riverwayPlazaParking","class":"SimGroup","persistentId":"aca9c41f-e622-402f-a41d-e2101a04f466","__parent":"MissionGroup"}
{"name":"island_shippingYard","class":"SimGroup","persistentId":"2b6cab1a-ec31-448f-9c41-dbe1a9bb3503","__parent":"MissionGroup"}
{"name":"concrete_batch_factory","class":"SimGroup","persistentId":"57247139-cb30-460e-ab38-78b7c40ccdf4","__parent":"MissionGroup"}
{"name":"deliveryInteractionTemp","class":"SimGroup","persistentId":"0f4f76d8-7a5b-4c02-a79c-93ea81a107d2","__parent":"MissionGroup"}
{"name":"trafficCameras_wip","class":"SimGroup","persistentId":"3affc3ba-8eab-4490-a516-fc5ad05f39ce","__parent":"MissionGroup"}
{"name":"shuffleboard_conversion_area","class":"SimGroup","__parent":"MissionGroup"}
{"name":"spearleafShuffleboard","class":"SimGroup","__parent":"MissionGroup"}
{"name":"driftZones","class":"SimGroup","__parent":"MissionGroup"}
{"name":"dragTunnel","class":"SimGroup","__parent":"MissionGroup"}
{"name":"raceTrackParkingLotGrandStands","class":"SimGroup","__parent":"MissionGroup"}
{"name":"skidpadTestTrack","class":"SimGroup","__parent":"MissionGroup"}
{"name":"skidpadWP1","class":"BeamNGWaypoint","__parent":"MissionGroup","position":[407.55658,-60.9128342,145.044159],"rotationMatrix":[-0.000852346304,0.999999523,0,-0.99993062,-0.000852197234,-0.0117333187,-0.0117332889,-1.00136531e-05,0.999930918]}
{"name":"skidpadWP2","class":"BeamNGWaypoint","__parent":"MissionGroup","position":[381.004944,-101.403893,144.770889],"rotationMatrix":[0.447065532,0.89450103,-2.98023188e-08,-0.894424021,0.447026998,-0.0131171001,-0.0117331902,0.0058643003,0.999913752]}
{"name":"skidpadWP3","class":"BeamNGWaypoint","__parent":"MissionGroup","position":[413.540039,-122.672554,145.095764],"rotationMatrix":[-0.44736141,0.894353032,-2.98023188e-08,-0.894276083,-0.447322905,-0.0131188286,-0.0117329219,-0.00586883025,0.999913752]}
{"name":"skidpadWP4","class":"BeamNGWaypoint","__parent":"MissionGroup","position":[441.489929,-90.0654068,145.4832],"rotationMatrix":[5.96046377e-08,0.999999821,0,-0.99984479,-5.21080312e-15,-0.0176059846,-0.017605925,5.96046341e-08,0.99984479]}
{"name":"RLS_EDITS","class":"SimGroup","__parent":"MissionGroup"}
{"name":"night_light","class":"SimGroup","__parent":"MissionGroup"}
{"name":"night_light_shadow","class":"SimGroup","__parent":"MissionGroup"}
{"name":"wcu_wp_01","class":"BeamNGWaypoint","__parent":"MissionGroup","position":[-695.335449,767.218567,79.0004959],"rotationMatrix":[0.152046055,-0.988373339,0,0.976798952,0.150265545,-0.152590275,0.150816202,0.0232007597,0.988289416]}
{"name":"wcu_wp_02","class":"BeamNGWaypoint","__parent":"MissionGroup","position":[-768.241516,56.5035324,117.865334],"rotationMatrix":[-0.707715392,0.706497431,5.96046377e-08,-0.706473053,-0.707690954,-0.00830402598,-0.0058667371,-0.0058769593,0.99996537]}
{"name":"wcu_wp_03","class":"BeamNGWaypoint","__parent":"MissionGroup","position":[-652.030029,275.311401,124.781319],"rotationMatrix":[-0.678290606,-0.734793425,2.98023188e-08,0.719443321,-0.664120913,-0.203333005,0.149407774,-0.13791886,0.979109466]}
{"name":"wcu_wp_04","class":"BeamNGWaypoint","__parent":"MissionGroup","position":[-624.531311,766.851868,74.7633972],"rotationMatrix":[0.707106709,-0.70710665,2.98023188e-08,0.703625321,0.703625321,-0.0991085246,0.0700802654,0.070080325,0.995076478]}
{"name":"wcu_wp_05","class":"BeamNGWaypoint","__parent":"MissionGroup","position":[-425.675323,544.025391,94.5325241],"rotationMatrix":[0.712111592,-0.702066064,-2.98023188e-08,0.699317336,0.709323525,-0.0884029418,0.0620647259,0.062952742,0.99608463]}
{"name":"wcu_wp_06","class":"BeamNGWaypoint","__parent":"MissionGroup","position":[174.675339,-657.89093,137.292328],"rotationMatrix":[0.141575724,0.989927292,-2.98023188e-08,-0.989076078,0.141454011,-0.0414590426,-0.0410414524,0.00586963817,0.999140024]}
{"name":"wcu_wp_08","class":"BeamNGWaypoint","__parent":"MissionGroup","position":[-862.612244,-717.186218,110.00386],"rotationMatrix":[0.805047452,0.59321022,0,-0.587599993,0.797433853,-0.137205124,-0.0813915208,0.110456631,0.990542531]}
{"name":"wcu_wp_10","class":"BeamNGWaypoint","__parent":"MissionGroup","position":[564.969727,887.864685,124.134964],"rotationMatrix":[0.894403815,0.447260052,2.98023188e-08,-0.446300089,0.892484188,-0.0654815584,-0.0292873122,0.0585669354,0.997853637]}
{"name":"wcu_wp_11","class":"BeamNGWaypoint","__parent":"MissionGroup","position":[-219.014191,499.404724,91.3633194],"rotationMatrix":[0.517963469,-0.855402589,2.98023188e-08,0.855327308,0.517917991,-0.013259138,0.0113419425,0.00686775055,0.999911964]}
{"name":"wcu_wp_07","class":"BeamNGWaypoint","__parent":"MissionGroup","position":[159.620819,-660.625122,136.443848],"rotationMatrix":[0.141524225,0.989934683,-2.98023188e-08,-0.989082873,0.141402423,-0.0414741226,-0.0410566218,0.00586963817,0.999139369]}
{"name":"wcu_wp_09","class":"BeamNGWaypoint","__parent":"MissionGroup","position":[-894.610596,-635.891907,101.512558],"rotationMatrix":[0.55474174,-0.832022429,-2.98023188e-08,0.831278384,0.554245651,-0.0422803946,0.0351782516,0.023454709,0.999105573]}
{"name":"wcu_wp_12","class":"BeamNGWaypoint","__parent":"MissionGroup","position":[-276.000031,551.876587,74.7817917],"rotationMatrix":[-0.00170445419,0.99999845,2.98023188e-08,-0.999981225,-0.00170445407,-0.00586703094,-0.00586706074,-1.00137277e-05,0.999982655]}
