{"name":"Mesh Spline 1_Main_1","class":"TSStatic","__parent":"Mesh Spline 1 - b62a0490-d8c6-4485-b190-c720d5758a73","position":[161.645248,-732.592163,139.162277],"isRenderEnabled":false,"rotationMatrix":[0.582397759,0.811547935,-0.0469339341,-0.812303007,0.583216071,0.00477887504,0.031250909,0.0353413746,0.998886585],"shapeName":"/levels/west_coast_usa/art/shapes/objects/barrierfence_plain.dae"}
{"name":"Mesh Spline 1_Main_2","class":"TSStatic","__parent":"Mesh Spline 1 - b62a0490-d8c6-4485-b190-c720d5758a73","position":[159.991013,-734.859558,139.317322],"isRenderEnabled":false,"rotationMatrix":[0.595741689,0.80037266,-0.0670478642,-0.8023265,0.596872926,-0.00385700352,0.0369320102,0.0560920537,0.997742295],"shapeName":"/levels/west_coast_usa/art/shapes/objects/barrierfence_plain.dae"}
{"name":"Mesh Spline 1_StartCap","class":"TSStatic","__parent":"Mesh Spline 1 - b62a0490-d8c6-4485-b190-c720d5758a73","position":[163.257523,-730.290222,139.075211],"isRenderEnabled":false,"rotationMatrix":[0.568281174,0.822605431,-0.0194127075,-0.822686851,0.568467855,0.00552962627,0.0155842016,0.0128281964,0.999796271],"shapeName":"/levels/west_coast_usa/art/shapes/objects/barrierfence_plain.dae"}
{"name":"Mesh Spline 1_EndCap","class":"TSStatic","__parent":"Mesh Spline 1 - b62a0490-d8c6-4485-b190-c720d5758a73","position":[152.156464,-885.854736,143.804123],"isRenderEnabled":false,"rotationMatrix":[-0.707385898,0.693583906,-0.136186182,-0.699914753,-0.714223862,-0.00194086507,-0.0986135602,0.0939457864,0.99068135],"shapeName":"/levels/west_coast_usa/art/shapes/objects/barrierfence_plain.dae"}
{"name":"Mesh Spline 1_Main_3","class":"TSStatic","__parent":"Mesh Spline 1 - b62a0490-d8c6-4485-b190-c720d5758a73","position":[158.268692,-737.067993,139.554321],"isRenderEnabled":false,"rotationMatrix":[0.62105161,0.776768208,-0.104528069,-0.781067491,0.624446511,-0.000316198915,0.0650265813,0.0818398595,0.994521856],"shapeName":"/levels/west_coast_usa/art/shapes/objects/barrierfence_plain.dae"}
{"name":"Mesh Spline 1_Main_4","class":"TSStatic","__parent":"Mesh Spline 1 - b62a0490-d8c6-4485-b190-c720d5758a73","position":[156.424652,-739.170166,139.82872],"isRenderEnabled":false,"rotationMatrix":[0.678808808,0.728246212,-0.0942125469,-0.731070399,0.682271838,0.00641990826,0.0689538419,0.0645181239,0.99553138],"shapeName":"/levels/west_coast_usa/art/shapes/objects/barrierfence_plain.dae"}
{"name":"Mesh Spline 1_Main_5","class":"TSStatic","__parent":"Mesh Spline 1 - b62a0490-d8c6-4485-b190-c720d5758a73","position":[154.450089,-741.153748,140.087158],"isRenderEnabled":false,"rotationMatrix":[0.718922734,0.6892519,-0.0898995399,-0.691522956,0.722312093,0.00782427751,0.0703284293,0.0565425456,0.995920122],"shapeName":"/levels/west_coast_usa/art/shapes/objects/barrierfence_plain.dae"}
{"name":"Mesh Spline 1_Main_6","class":"TSStatic","__parent":"Mesh Spline 1 - b62a0490-d8c6-4485-b190-c720d5758a73","position":[152.396408,-743.061829,140.305634],"isRenderEnabled":false,"rotationMatrix":[0.740561128,0.668706417,-0.0663398951,-0.670246601,0.742137313,-0.00130605139,0.0483599417,0.045431301,0.997796237],"shapeName":"/levels/west_coast_usa/art/shapes/objects/barrierfence_plain.dae"}
{"name":"Mesh Spline 1_Main_7","class":"TSStatic","__parent":"Mesh Spline 1 - b62a0490-d8c6-4485-b190-c720d5758a73","position":[150.316162,-744.945618,140.483444],"isRenderEnabled":false,"rotationMatrix":[0.735776305,0.67478174,-0.0574693568,-0.675605476,0.737234116,0.00657056272,0.0468020625,0.0339921489,0.998325646],"shapeName":"/levels/west_coast_usa/art/shapes/objects/barrierfence_plain.dae"}
{"name":"Mesh Spline 1_Main_8","class":"TSStatic","__parent":"Mesh Spline 1 - b62a0490-d8c6-4485-b190-c720d5758a73","position":[148.247452,-746.84491,140.626205],"isRenderEnabled":false,"rotationMatrix":[0.732277751,0.679112196,-0.0507541597,-0.679854751,0.733338535,0.00348060485,0.0395837054,0.0319566876,0.998705089],"shapeName":"/levels/west_coast_usa/art/shapes/objects/barrierfence_plain.dae"}
{"name":"Mesh Spline 1_Main_9","class":"TSStatic","__parent":"Mesh Spline 1 - b62a0490-d8c6-4485-b190-c720d5758a73","position":[146.171005,-748.738281,140.725327],"isRenderEnabled":false,"rotationMatrix":[0.746814311,0.664763629,-0.0189119577,-0.664971173,0.746829867,-0.00764959399,0.00903884228,0.0182887353,0.999791861],"shapeName":"/levels/west_coast_usa/art/shapes/objects/barrierfence_plain.dae"}
{"name":"Mesh Spline 1_Main_10","class":"TSStatic","__parent":"Mesh Spline 1 - b62a0490-d8c6-4485-b190-c720d5758a73","position":[144.057739,-750.59259,140.771698],"isRenderEnabled":false,"rotationMatrix":[0.751424253,0.659818828,-0.00081845466,-0.659794986,0.751385272,-0.00952443574,-0.00566942804,0.00769690378,0.999954283],"shapeName":"/levels/west_coast_usa/art/shapes/objects/barrierfence_plain.dae"}
{"name":"Mesh Spline 1_Main_11","class":"TSStatic","__parent":"Mesh Spline 1 - b62a0490-d8c6-4485-b190-c720d5758a73","position":[141.923553,-752.423767,140.774216],"isRenderEnabled":false,"rotationMatrix":[0.76469785,0.644337475,0.00815017987,-0.644385993,0.764671981,0.00659217918,-0.00198462675,-0.0102928868,0.999945045],"shapeName":"/levels/west_coast_usa/art/shapes/objects/barrierfence_plain.dae"}
{"name":"Mesh Spline 1_Main_12","class":"TSStatic","__parent":"Mesh Spline 1 - b62a0490-d8c6-4485-b190-c720d5758a73","position":[139.788742,-754.254211,140.76123],"isRenderEnabled":false,"rotationMatrix":[0.763281882,0.646064341,-0.00125550246,-0.646057785,0.763261735,-0.00638806121,-0.0031688218,0.00568701839,0.999978781],"shapeName":"/levels/west_coast_usa/art/shapes/objects/barrierfence_plain.dae"}
{"name":"Mesh Spline 1_Main_13","class":"TSStatic","__parent":"Mesh Spline 1 - b62a0490-d8c6-4485-b190-c720d5758a73","position":[137.6689,-756.101929,140.766434],"isRenderEnabled":false,"rotationMatrix":[0.747867823,0.66366148,-0.0157207362,-0.663781881,0.747917295,-0.00363868149,0.00934295729,0.0131563935,0.999869823],"shapeName":"/levels/west_coast_usa/art/shapes/objects/barrierfence_plain.dae"}
{"name":"Mesh Spline 1_Main_14","class":"TSStatic","__parent":"Mesh Spline 1 - b62a0490-d8c6-4485-b190-c720d5758a73","position":[135.580078,-757.983704,140.810944],"isRenderEnabled":false,"rotationMatrix":[0.737891555,0.67406708,-0.0339053571,-0.674217641,0.738483787,0.00849643722,0.0307657272,0.0165901426,0.999388933],"shapeName":"/levels/west_coast_usa/art/shapes/objects/barrierfence_plain.dae"}
{"name":"Mesh Spline 1_Main_15","class":"TSStatic","__parent":"Mesh Spline 1 - b62a0490-d8c6-4485-b190-c720d5758a73","position":[133.542435,-759.91925,140.894562],"isRenderEnabled":false,"rotationMatrix":[0.708129168,0.705264986,-0.0339759253,-0.705523789,0.708663344,0.00569429435,0.0280934777,0.0199385285,0.999406457],"shapeName":"/levels/west_coast_usa/art/shapes/objects/barrierfence_plain.dae"}
{"name":"Mesh Spline 1_Main_16","class":"TSStatic","__parent":"Mesh Spline 1 - b62a0490-d8c6-4485-b190-c720d5758a73","position":[131.585892,-761.934937,140.997833],"isRenderEnabled":false,"rotationMatrix":[0.677933812,0.733573616,-0.0477014855,-0.734597027,0.678475201,-0.00621864945,0.0278024375,0.0392571986,0.998842299],"shapeName":"/levels/west_coast_usa/art/shapes/objects/barrierfence_plain.dae"}
{"name":"Mesh Spline 1_Main_17","class":"TSStatic","__parent":"Mesh Spline 1 - b62a0490-d8c6-4485-b190-c720d5758a73","position":[129.762573,-764.070068,141.078979],"isRenderEnabled":false,"rotationMatrix":[0.624567091,0.780733526,-0.0192648508,-0.780809939,0.624749362,0.0049086716,0.0158680677,0.0119763911,0.999802351],"shapeName":"/levels/west_coast_usa/art/shapes/objects/barrierfence_plain.dae"}
{"name":"Mesh Spline 1_Main_18","class":"TSStatic","__parent":"Mesh Spline 1 - b62a0490-d8c6-4485-b190-c720d5758a73","position":[128.113556,-766.343384,141.127182],"isRenderEnabled":false,"rotationMatrix":[0.560502291,0.827934504,-0.0190173779,-0.82813704,0.560485601,-0.00669702329,0.00511427037,0.0195026919,0.999796748],"shapeName":"/levels/west_coast_usa/art/shapes/objects/barrierfence_plain.dae"}
{"name":"Mesh Spline 1_Main_19","class":"TSStatic","__parent":"Mesh Spline 1 - b62a0490-d8c6-4485-b190-c720d5758a73","position":[126.646034,-768.738647,141.153152],"isRenderEnabled":false,"rotationMatrix":[0.492382228,0.870378971,0.000347358407,-0.870368838,0.49237442,0.00504800677,0.00422264915,-0.00278787874,0.999987185],"shapeName":"/levels/west_coast_usa/art/shapes/objects/barrierfence_plain.dae"}
{"name":"Mesh Spline 1_Main_20","class":"TSStatic","__parent":"Mesh Spline 1 - b62a0490-d8c6-4485-b190-c720d5758a73","position":[125.368355,-771.240295,141.165375],"isRenderEnabled":false,"rotationMatrix":[0.410988927,0.911518991,-0.0148747247,-0.911550701,0.41112262,0.00731720775,0.0127851088,0.0105517749,0.999862611],"shapeName":"/levels/west_coast_usa/art/shapes/objects/barrierfence_plain.dae"}
{"name":"Mesh Spline 1_Main_21","class":"TSStatic","__parent":"Mesh Spline 1 - b62a0490-d8c6-4485-b190-c720d5758a73","position":[124.279083,-773.830261,141.15921],"isRenderEnabled":false,"rotationMatrix":[0.364248395,0.931270957,0.0075847134,-0.931298614,0.364213824,0.00557890581,0.00243301596,-0.0090957405,0.999955654],"shapeName":"/levels/west_coast_usa/art/shapes/objects/barrierfence_plain.dae"}
{"name":"Mesh Spline 1_Main_22","class":"TSStatic","__parent":"Mesh Spline 1 - b62a0490-d8c6-4485-b190-c720d5758a73","position":[123.343887,-776.48053,141.115189],"isRenderEnabled":false,"rotationMatrix":[0.305637658,0.951947808,0.019518204,-0.952142119,0.305500269,0.00974364765,0.00331262778,-0.0215621311,0.999761999],"shapeName":"/levels/west_coast_usa/art/shapes/objects/barrierfence_plain.dae"}
{"name":"Mesh Spline 1_Main_23","class":"TSStatic","__parent":"Mesh Spline 1 - b62a0490-d8c6-4485-b190-c720d5758a73","position":[122.530853,-779.170776,141.056412],"isRenderEnabled":false,"rotationMatrix":[0.27746886,0.960333347,0.0277624577,-0.960658073,0.277695596,-0.00459900871,-0.0121260928,-0.0253941491,0.999603987],"shapeName":"/levels/west_coast_usa/art/shapes/objects/barrierfence_plain.dae"}
{"name":"Mesh Spline 1_Main_24","class":"TSStatic","__parent":"Mesh Spline 1 - b62a0490-d8c6-4485-b190-c720d5758a73","position":[121.838127,-781.894287,140.99028],"isRenderEnabled":false,"rotationMatrix":[0.215385795,0.975998282,0.0321912877,-0.976510644,0.215466917,0.000970262103,-0.00598918181,-0.0316441171,0.999481261],"shapeName":"/levels/west_coast_usa/art/shapes/objects/barrierfence_plain.dae"}
{"name":"Mesh Spline 1_Main_25","class":"TSStatic","__parent":"Mesh Spline 1 - b62a0490-d8c6-4485-b190-c720d5758a73","position":[121.265076,-784.643921,140.875671],"isRenderEnabled":false,"rotationMatrix":[0.192364573,0.979646921,0.0573376939,-0.981220961,0.192860186,-0.00318709202,-0.0141803827,-0.0556478724,0.998349726],"shapeName":"/levels/west_coast_usa/art/shapes/objects/barrierfence_plain.dae"}
{"name":"Mesh Spline 1_Main_26","class":"TSStatic","__parent":"Mesh Spline 1 - b62a0490-d8c6-4485-b190-c720d5758a73","position":[120.801117,-787.411987,140.711884],"isRenderEnabled":false,"rotationMatrix":[0.139995813,0.988674343,0.0540751405,-0.990144193,0.140003443,0.00366596319,-0.00394625962,-0.0540554076,0.998530149],"shapeName":"/levels/west_coast_usa/art/shapes/objects/barrierfence_plain.dae"}
{"name":"Mesh Spline 1_Main_27","class":"TSStatic","__parent":"Mesh Spline 1 - b62a0490-d8c6-4485-b190-c720d5758a73","position":[120.439552,-790.194519,140.534851],"isRenderEnabled":false,"rotationMatrix":[0.103875041,0.992880166,0.05830051,-0.99445492,0.104649603,-0.0103845131,-0.0164117012,-0.0568985343,0.99824506],"shapeName":"/levels/west_coast_usa/art/shapes/objects/barrierfence_plain.dae"}
{"name":"Mesh Spline 1_Main_28","class":"TSStatic","__parent":"Mesh Spline 1 - b62a0490-d8c6-4485-b190-c720d5758a73","position":[120.177025,-792.987793,140.350052],"isRenderEnabled":false,"rotationMatrix":[0.0713487864,0.995022953,0.0695608109,-0.99742049,0.0717224479,-0.00288644806,-0.00786115788,-0.0691754371,0.997573555],"shapeName":"/levels/west_coast_usa/art/shapes/objects/barrierfence_plain.dae"}
{"name":"Mesh Spline 1_Main_29","class":"TSStatic","__parent":"Mesh Spline 1 - b62a0490-d8c6-4485-b190-c720d5758a73","position":[120.012901,-795.783569,140.108063],"isRenderEnabled":false,"rotationMatrix":[0.0348461866,0.994342327,0.100344345,-0.999391913,0.0345465541,0.00472278148,0.00122950599,-0.100447901,0.994941533],"shapeName":"/levels/west_coast_usa/art/shapes/objects/barrierfence_plain.dae"}
{"name":"Mesh Spline 1_Main_30","class":"TSStatic","__parent":"Mesh Spline 1 - b62a0490-d8c6-4485-b190-c720d5758a73","position":[119.951813,-798.581665,139.845245],"isRenderEnabled":false,"rotationMatrix":[-0.00636219978,0.996134937,0.0876054913,-0.999931395,-0.00547587872,-0.0103538893,-0.00983415172,-0.0876653641,0.996101439],"shapeName":"/levels/west_coast_usa/art/shapes/objects/barrierfence_plain.dae"}
{"name":"Mesh Spline 1_Main_31","class":"TSStatic","__parent":"Mesh Spline 1 - b62a0490-d8c6-4485-b190-c720d5758a73","position":[120.001839,-801.385132,139.646011],"isRenderEnabled":false,"rotationMatrix":[-0.0453013182,0.996974766,0.0631594583,-0.998946726,-0.045670867,0.00441979803,0.00729097612,-0.0628927127,0.997993648],"shapeName":"/levels/west_coast_usa/art/shapes/objects/barrierfence_plain.dae"}
{"name":"Mesh Spline 1_Main_32","class":"TSStatic","__parent":"Mesh Spline 1 - b62a0490-d8c6-4485-b190-c720d5758a73","position":[120.159004,-804.18927,139.527252],"isRenderEnabled":false,"rotationMatrix":[-0.0757550001,0.996635139,0.0312952437,-0.997072756,-0.0760389566,0.00798351411,0.0103363143,-0.0305988453,0.999478281],"shapeName":"/levels/west_coast_usa/art/shapes/objects/barrierfence_plain.dae"}
{"name":"Mesh Spline 1_Main_33","class":"TSStatic","__parent":"Mesh Spline 1 - b62a0490-d8c6-4485-b190-c720d5758a73","position":[120.407249,-806.986389,139.401108],"isRenderEnabled":false,"rotationMatrix":[-0.0994778872,0.99346441,0.0559696183,-0.994977772,-0.0999422073,0.00555381924,0.0111112539,-0.0551360399,0.99841702],"shapeName":"/levels/west_coast_usa/art/shapes/objects/barrierfence_plain.dae"}
{"name":"Mesh Spline 1_Main_34","class":"TSStatic","__parent":"Mesh Spline 1 - b62a0490-d8c6-4485-b190-c720d5758a73","position":[120.731087,-809.770081,139.177917],"isRenderEnabled":false,"rotationMatrix":[-0.135712266,0.98568064,0.100079298,-0.990671933,-0.136261702,-0.00135683268,0.0122995712,-0.0993298888,0.994978547],"shapeName":"/levels/west_coast_usa/art/shapes/objects/barrierfence_plain.dae"}
{"name":"Mesh Spline 1_Main_35","class":"TSStatic","__parent":"Mesh Spline 1 - b62a0490-d8c6-4485-b190-c720d5758a73","position":[121.117439,-812.544189,138.929749],"isRenderEnabled":false,"rotationMatrix":[-0.146433234,0.985450447,0.0862840191,-0.989143789,-0.146950841,-0.000356428325,0.0123282596,-0.0853994936,0.996270537],"shapeName":"/levels/west_coast_usa/art/shapes/objects/barrierfence_plain.dae"}
{"name":"Mesh Spline 1_Main_36","class":"TSStatic","__parent":"Mesh Spline 1 - b62a0490-d8c6-4485-b190-c720d5758a73","position":[121.55439,-815.311462,138.687653],"isRenderEnabled":false,"rotationMatrix":[-0.171695352,0.980772674,0.092766434,-0.985127389,-0.171567917,-0.00940657035,0.00669004023,-0.0930018127,0.995643437],"shapeName":"/levels/west_coast_usa/art/shapes/objects/barrierfence_plain.dae"}
{"name":"Mesh Spline 1_Main_37","class":"TSStatic","__parent":"Mesh Spline 1 - b62a0490-d8c6-4485-b190-c720d5758a73","position":[122.031158,-818.073486,138.461365],"isRenderEnabled":false,"rotationMatrix":[-0.172124267,0.982043505,0.0772253796,-0.985048413,-0.172168493,-0.00613456592,0.00727137178,-0.077126652,0.996994793],"shapeName":"/levels/west_coast_usa/art/shapes/objects/barrierfence_plain.dae"}
{"name":"Mesh Spline 1_Main_38","class":"TSStatic","__parent":"Mesh Spline 1 - b62a0490-d8c6-4485-b190-c720d5758a73","position":[122.537796,-820.831726,138.253647],"isRenderEnabled":false,"rotationMatrix":[-0.178057313,0.980763316,0.0799930096,-0.983722448,-0.179413795,0.0100450553,0.0242036693,-0.076902315,0.996744812],"shapeName":"/levels/west_coast_usa/art/shapes/objects/barrierfence_plain.dae"}
{"name":"Mesh Spline 1_Main_39","class":"TSStatic","__parent":"Mesh Spline 1 - b62a0490-d8c6-4485-b190-c720d5758a73","position":[123.070107,-823.587524,138.08757],"isRenderEnabled":false,"rotationMatrix":[-0.196812868,0.97967118,0.0388469771,-0.980301797,-0.197298169,0.00904301368,0.0165236183,-0.0363019779,0.999204278],"shapeName":"/levels/west_coast_usa/art/shapes/objects/barrierfence_plain.dae"}
{"name":"Mesh Spline 1_Main_40","class":"TSStatic","__parent":"Mesh Spline 1 - b62a0490-d8c6-4485-b190-c720d5758a73","position":[123.633492,-826.339783,137.964966],"isRenderEnabled":false,"rotationMatrix":[-0.200232029,0.978226125,0.05459534,-0.97955054,-0.201000452,0.00891086459,0.0196905322,-0.0516946577,0.998468816],"shapeName":"/levels/west_coast_usa/art/shapes/objects/barrierfence_plain.dae"}
{"name":"Mesh Spline 1_Main_41","class":"TSStatic","__parent":"Mesh Spline 1 - b62a0490-d8c6-4485-b190-c720d5758a73","position":[124.231422,-829.085754,137.870667],"isRenderEnabled":false,"rotationMatrix":[-0.215564609,0.976171553,0.0249207281,-0.976411283,-0.215800166,0.00715593155,0.0123633146,-0.0227903165,0.99966383],"shapeName":"/levels/west_coast_usa/art/shapes/objects/barrierfence_plain.dae"}
{"name":"Mesh Spline 1_Main_42","class":"TSStatic","__parent":"Mesh Spline 1 - b62a0490-d8c6-4485-b190-c720d5758a73","position":[124.862335,-831.825745,137.836868],"isRenderEnabled":false,"rotationMatrix":[-0.23189342,0.972685397,0.0104135349,-0.972736061,-0.231913447,0.000741551165,0.00313633471,-0.00995766185,0.999945521],"shapeName":"/levels/west_coast_usa/art/shapes/objects/barrierfence_plain.dae"}
{"name":"Mesh Spline 1_Main_43","class":"TSStatic","__parent":"Mesh Spline 1 - b62a0490-d8c6-4485-b190-c720d5758a73","position":[125.52536,-834.558411,137.855164],"isRenderEnabled":false,"rotationMatrix":[-0.250778437,0.967863083,-0.0187403746,-0.967954397,-0.250972152,-0.00878725015,-0.0132081695,0.0159361735,0.999785781],"shapeName":"/levels/west_coast_usa/art/shapes/objects/barrierfence_plain.dae"}
{"name":"Mesh Spline 1_Main_44","class":"TSStatic","__parent":"Mesh Spline 1 - b62a0490-d8c6-4485-b190-c720d5758a73","position":[126.220596,-837.282349,137.919388],"isRenderEnabled":false,"rotationMatrix":[-0.249902129,0.967849433,-0.0285733119,-0.968156397,-0.250217915,-0.0080140233,-0.0149059221,0.0256607123,0.999559581],"shapeName":"/levels/west_coast_usa/art/shapes/objects/barrierfence_plain.dae"}
{"name":"Mesh Spline 1_Main_45","class":"TSStatic","__parent":"Mesh Spline 1 - b62a0490-d8c6-4485-b190-c720d5758a73","position":[126.949188,-839.996521,138.017593],"isRenderEnabled":false,"rotationMatrix":[-0.268330455,0.962845266,-0.0304603782,-0.963324249,-0.268270731,0.00610690191,-0.00229162537,0.0309818871,0.999517322],"shapeName":"/levels/west_coast_usa/art/shapes/objects/barrierfence_plain.dae"}
{"name":"Mesh Spline 1_Main_46","class":"TSStatic","__parent":"Mesh Spline 1 - b62a0490-d8c6-4485-b190-c720d5758a73","position":[127.713242,-842.699463,138.149139],"isRenderEnabled":false,"rotationMatrix":[-0.28019917,0.958199263,-0.0578143895,-0.959700584,-0.280970335,-0.00550470129,-0.0215187315,0.0539420918,0.998312175],"shapeName":"/levels/west_coast_usa/art/shapes/objects/barrierfence_plain.dae"}
{"name":"Mesh Spline 1_Main_47","class":"TSStatic","__parent":"Mesh Spline 1 - b62a0490-d8c6-4485-b190-c720d5758a73","position":[128.516098,-845.389709,138.309464],"isRenderEnabled":false,"rotationMatrix":[-0.286522508,0.956247211,-0.0591285974,-0.957996726,-0.2867347,0.00504739955,-0.0121276528,0.0580911972,0.99823761],"shapeName":"/levels/west_coast_usa/art/shapes/objects/barrierfence_plain.dae"}
{"name":"Mesh Spline 1_Main_48","class":"TSStatic","__parent":"Mesh Spline 1 - b62a0490-d8c6-4485-b190-c720d5758a73","position":[129.362686,-848.064941,138.491989],"isRenderEnabled":false,"rotationMatrix":[-0.312886477,0.946503818,-0.0789459422,-0.949501812,-0.313758254,0.00142990053,-0.0234165359,0.0754067078,0.996877849],"shapeName":"/levels/west_coast_usa/art/shapes/objects/barrierfence_plain.dae"}
{"name":"Mesh Spline 1_Main_49","class":"TSStatic","__parent":"Mesh Spline 1 - b62a0490-d8c6-4485-b190-c720d5758a73","position":[130.260025,-850.72168,138.700455],"isRenderEnabled":false,"rotationMatrix":[-0.336771607,0.937774122,-0.0846431181,-0.941072047,-0.338195443,-0.00265268236,-0.0311135426,0.0787619278,0.996407807],"shapeName":"/levels/west_coast_usa/art/shapes/objects/barrierfence_plain.dae"}
{"name":"Mesh Spline 1_Main_50","class":"TSStatic","__parent":"Mesh Spline 1 - b62a0490-d8c6-4485-b190-c720d5758a73","position":[131.217194,-853.356201,138.92366],"isRenderEnabled":false,"rotationMatrix":[-0.346675754,0.935080588,-0.0737581551,-0.937838972,-0.346936107,0.00966317207,-0.0165535249,0.0725232661,0.997229338],"shapeName":"/levels/west_coast_usa/art/shapes/objects/barrierfence_plain.dae"}
{"name":"Mesh Spline 1_Main_51","class":"TSStatic","__parent":"Mesh Spline 1 - b62a0490-d8c6-4485-b190-c720d5758a73","position":[132.237442,-855.965393,139.163696],"isRenderEnabled":false,"rotationMatrix":[-0.377793074,0.920981884,-0.0952078924,-0.924971342,-0.379997134,-0.0054895319,-0.0412344858,0.0859906673,0.995442271],"shapeName":"/levels/west_coast_usa/art/shapes/objects/barrierfence_plain.dae"}
{"name":"Mesh Spline 1_Main_52","class":"TSStatic","__parent":"Mesh Spline 1 - b62a0490-d8c6-4485-b190-c720d5758a73","position":[133.319168,-858.548035,139.421936],"isRenderEnabled":false,"rotationMatrix":[-0.393121958,0.915351212,-0.0871051326,-0.918842733,-0.394623995,-2.52015889e-05,-0.0343968347,0.0800260156,0.996199131],"shapeName":"/levels/west_coast_usa/art/shapes/objects/barrierfence_plain.dae"}
{"name":"Mesh Spline 1_Main_53","class":"TSStatic","__parent":"Mesh Spline 1 - b62a0490-d8c6-4485-b190-c720d5758a73","position":[134.462021,-861.102295,139.696976],"isRenderEnabled":false,"rotationMatrix":[-0.411333919,0.906396091,-0.0961798429,-0.910448849,-0.413601995,-0.00404144078,-0.0434433222,0.0859044418,0.995355785],"shapeName":"/levels/west_coast_usa/art/shapes/objects/barrierfence_plain.dae"}
{"name":"Mesh Spline 1_Main_54","class":"TSStatic","__parent":"Mesh Spline 1 - b62a0490-d8c6-4485-b190-c720d5758a73","position":[135.665756,-863.624146,140.008743],"isRenderEnabled":false,"rotationMatrix":[-0.434163213,0.893931091,-0.111308053,-0.899439514,-0.437042117,-0.00163459033,-0.0501075238,0.0994051844,0.993784606],"shapeName":"/levels/west_coast_usa/art/shapes/objects/barrierfence_plain.dae"}
{"name":"Mesh Spline 1_Main_55","class":"TSStatic","__parent":"Mesh Spline 1 - b62a0490-d8c6-4485-b190-c720d5758a73","position":[136.931824,-866.109741,140.361191],"isRenderEnabled":false,"rotationMatrix":[-0.470417023,0.873429298,-0.125813276,-0.880668759,-0.473714113,0.00417894498,-0.0559495203,0.11276567,0.992045164],"shapeName":"/levels/west_coast_usa/art/shapes/objects/barrierfence_plain.dae"}
{"name":"Mesh Spline 1_Main_56","class":"TSStatic","__parent":"Mesh Spline 1 - b62a0490-d8c6-4485-b190-c720d5758a73","position":[138.264496,-868.556885,140.736526],"isRenderEnabled":false,"rotationMatrix":[-0.490278721,0.862142384,-0.127816975,-0.869494259,-0.493930101,0.00357101485,-0.0600539371,0.112886921,0.991791368],"shapeName":"/levels/west_coast_usa/art/shapes/objects/barrierfence_plain.dae"}
{"name":"Mesh Spline 1_Main_57","class":"TSStatic","__parent":"Mesh Spline 1 - b62a0490-d8c6-4485-b190-c720d5758a73","position":[139.6707,-870.961121,141.120087],"isRenderEnabled":false,"rotationMatrix":[-0.51696384,0.845232785,-0.135387734,-0.853294909,-0.521420121,0.0029633902,-0.0680891275,0.117057636,0.990788281],"shapeName":"/levels/west_coast_usa/art/shapes/objects/barrierfence_plain.dae"}
{"name":"Mesh Spline 1_Main_58","class":"TSStatic","__parent":"Mesh Spline 1 - b62a0490-d8c6-4485-b190-c720d5758a73","position":[141.174576,-873.305603,141.498322],"isRenderEnabled":false,"rotationMatrix":[-0.549876809,0.825967729,-0.12414927,-0.832485378,-0.554046035,0.00112968683,-0.0678513125,0.103973635,0.9922629],"shapeName":"/levels/west_coast_usa/art/shapes/objects/barrierfence_plain.dae"}
{"name":"Mesh Spline 1_Main_59","class":"TSStatic","__parent":"Mesh Spline 1 - b62a0490-d8c6-4485-b190-c720d5758a73","position":[142.794968,-875.57019,141.880554],"isRenderEnabled":false,"rotationMatrix":[-0.603417158,0.784081042,-0.145274386,-0.792037785,-0.610452175,-0.00492090359,-0.0925414562,0.112093434,0.989379168],"shapeName":"/levels/west_coast_usa/art/shapes/objects/barrierfence_plain.dae"}
{"name":"Mesh Spline 1_Main_60","class":"TSStatic","__parent":"Mesh Spline 1 - b62a0490-d8c6-4485-b190-c720d5758a73","position":[144.520645,-877.756348,142.261353],"isRenderEnabled":false,"rotationMatrix":[-0.623835087,0.770595789,-0.130429596,-0.777173162,-0.629286408,-0.00074795261,-0.0826539397,0.100899786,0.991457283],"shapeName":"/levels/west_coast_usa/art/shapes/objects/barrierfence_plain.dae"}
{"name":"Mesh Spline 1_Main_61","class":"TSStatic","__parent":"Mesh Spline 1 - b62a0490-d8c6-4485-b190-c720d5758a73","position":[146.325119,-879.878784,142.640274],"isRenderEnabled":false,"rotationMatrix":[-0.658963799,0.740783453,-0.130410016,-0.74709022,-0.664722204,-0.00084201619,-0.0873101801,0.096873194,0.991459787],"shapeName":"/levels/west_coast_usa/art/shapes/objects/barrierfence_plain.dae"}
{"name":"Mesh Spline 1_Main_62","class":"TSStatic","__parent":"Mesh Spline 1 - b62a0490-d8c6-4485-b190-c720d5758a73","position":[148.195282,-881.940918,143.030426],"isRenderEnabled":false,"rotationMatrix":[-0.679658651,0.718565106,-0.14740485,-0.727022529,-0.68659389,0.00518805534,-0.0974793211,0.110692754,0.989062607],"shapeName":"/levels/west_coast_usa/art/shapes/objects/barrierfence_plain.dae"}
{"name":"Mesh Spline 1_Main_63","class":"TSStatic","__parent":"Mesh Spline 1 - b62a0490-d8c6-4485-b190-c720d5758a73","position":[150.150558,-883.922302,143.418137],"isRenderEnabled":false,"rotationMatrix":[-0.708246946,0.693704665,-0.130996555,-0.700123489,-0.714009523,0.00418809801,-0.090627484,0.094679974,0.991373956],"shapeName":"/levels/west_coast_usa/art/shapes/objects/barrierfence_plain.dae"}
