{"name":"Mesh Spline 2_Main_1","class":"TSStatic","__parent":"Mesh Spline 2 - 3b99f964-ec01-4037-aac1-9d67fd6c1b7a","position":[164.205078,-730.669617,139.120789],"isRenderEnabled":false,"rotationMatrix":[0.324666142,0.944822073,-0.0436250195,-0.945686698,0.323472917,-0.0322775766,-0.0163850579,0.0517350435,0.998526394],"shapeName":"/levels/west_coast_usa/art/shapes/objects/barrierfence_plain.dae"}
{"name":"Mesh Spline 2_Main_2","class":"TSStatic","__parent":"Mesh Spline 2 - 3b99f964-ec01-4037-aac1-9d67fd6c1b7a","position":[163.004181,-733.180725,139.244888],"isRenderEnabled":false,"rotationMatrix":[0.533306062,0.844530344,-0.0485093705,-0.845417976,0.530131102,-0.0650343671,-0.0292071737,0.0756939128,0.996703267],"shapeName":"/levels/west_coast_usa/art/shapes/objects/barrierfence_plain.dae"}
{"name":"Mesh Spline 2_Main_3","class":"TSStatic","__parent":"Mesh Spline 2 - 3b99f964-ec01-4037-aac1-9d67fd6c1b7a","position":[161.300552,-735.39093,139.403961],"isRenderEnabled":false,"rotationMatrix":[0.672852278,0.736556172,-0.0689550415,-0.738463998,0.663183331,-0.121896528,-0.0440538041,0.132939175,0.99014467],"shapeName":"/levels/west_coast_usa/art/shapes/objects/barrierfence_plain.dae"}
{"name":"Mesh Spline 2_Main_4","class":"TSStatic","__parent":"Mesh Spline 2 - 3b99f964-ec01-4037-aac1-9d67fd6c1b7a","position":[159.321503,-737.375549,139.59697],"isRenderEnabled":false,"rotationMatrix":[0.724364996,0.68547076,-0.0736556053,-0.689218223,0.717448354,-0.101223633,-0.016541753,0.124087632,0.992133379],"shapeName":"/levels/west_coast_usa/art/shapes/objects/barrierfence_plain.dae"}
{"name":"Mesh Spline 2_Main_5","class":"TSStatic","__parent":"Mesh Spline 2 - 3b99f964-ec01-4037-aac1-9d67fd6c1b7a","position":[157.263855,-739.277893,139.830399],"isRenderEnabled":false,"rotationMatrix":[0.732548475,0.674245417,-0.0936263055,-0.680677712,0.726983309,-0.0904054642,0.00710929558,0.129955724,0.991494298],"shapeName":"/levels/west_coast_usa/art/shapes/objects/barrierfence_plain.dae"}
{"name":"Mesh Spline 2_Main_6","class":"TSStatic","__parent":"Mesh Spline 2 - 3b99f964-ec01-4037-aac1-9d67fd6c1b7a","position":[155.208008,-741.181091,140.073654],"isRenderEnabled":false,"rotationMatrix":[0.728589654,0.680218458,-0.0803736001,-0.684926748,0.722556949,-0.0937379003,-0.00568774715,0.123346508,0.99234736],"shapeName":"/levels/west_coast_usa/art/shapes/objects/barrierfence_plain.dae"}
{"name":"Mesh Spline 2_Main_7","class":"TSStatic","__parent":"Mesh Spline 2 - 3b99f964-ec01-4037-aac1-9d67fd6c1b7a","position":[153.141708,-743.076355,140.286209],"isRenderEnabled":false,"rotationMatrix":[0.737707794,0.671639025,-0.0684707463,-0.675074399,0.735035479,-0.0632254332,0.00786376186,0.0928647369,0.995647669],"shapeName":"/levels/west_coast_usa/art/shapes/objects/barrierfence_plain.dae"}
{"name":"Mesh Spline 2_Main_8","class":"TSStatic","__parent":"Mesh Spline 2 - 3b99f964-ec01-4037-aac1-9d67fd6c1b7a","position":[151.042145,-744.939453,140.453552],"isRenderEnabled":false,"rotationMatrix":[0.752359867,0.656227529,-0.0576203987,-0.658257663,0.752302587,-0.0271599293,0.0255248826,0.0583631098,0.997969031],"shapeName":"/levels/west_coast_usa/art/shapes/objects/barrierfence_plain.dae"}
{"name":"Mesh Spline 2_Main_9","class":"TSStatic","__parent":"Mesh Spline 2 - 3b99f964-ec01-4037-aac1-9d67fd6c1b7a","position":[148.922668,-746.782837,140.585938],"isRenderEnabled":false,"rotationMatrix":[0.757505238,0.651853263,-0.0356806703,-0.651838481,0.758235037,0.013646394,0.0359497778,0.0129208174,0.999270082],"shapeName":"/levels/west_coast_usa/art/shapes/objects/barrierfence_plain.dae"}
{"name":"Mesh Spline 2_Main_10","class":"TSStatic","__parent":"Mesh Spline 2 - 3b99f964-ec01-4037-aac1-9d67fd6c1b7a","position":[146.793655,-748.617432,140.680466],"isRenderEnabled":false,"rotationMatrix":[0.752492428,0.658362508,-0.0177189019,-0.656460047,0.751942396,0.0603558049,0.0530595928,-0.0337855294,0.998019636],"shapeName":"/levels/west_coast_usa/art/shapes/objects/barrierfence_plain.dae"}
{"name":"Mesh Spline 2_Main_11","class":"TSStatic","__parent":"Mesh Spline 2 - 3b99f964-ec01-4037-aac1-9d67fd6c1b7a","position":[144.66394,-750.453125,140.721375],"isRenderEnabled":false,"rotationMatrix":[0.761107564,0.648621023,-0.00245748088,-0.642955959,0.754949093,0.129071802,0.0855739564,-0.0966574699,0.991632223],"shapeName":"/levels/west_coast_usa/art/shapes/objects/barrierfence_plain.dae"}
{"name":"Mesh Spline 2_Main_12","class":"TSStatic","__parent":"Mesh Spline 2 - 3b99f964-ec01-4037-aac1-9d67fd6c1b7a","position":[142.510193,-752.260681,140.723373],"isRenderEnabled":false,"rotationMatrix":[0.779829502,0.625981987,-0.00354139134,-0.616590679,0.769082308,0.168310389,0.108082891,-0.12906982,0.985727668],"shapeName":"/levels/west_coast_usa/art/shapes/objects/barrierfence_plain.dae"}
{"name":"Mesh Spline 2_Main_13","class":"TSStatic","__parent":"Mesh Spline 2 - 3b99f964-ec01-4037-aac1-9d67fd6c1b7a","position":[140.310913,-754.012695,140.726776],"isRenderEnabled":false,"rotationMatrix":[0.786150575,0.617903829,-0.0127326325,-0.601564527,0.769762039,0.213509977,0.141729742,-0.160191506,0.976857901],"shapeName":"/levels/west_coast_usa/art/shapes/objects/barrierfence_plain.dae"}
{"name":"Mesh Spline 2_Main_14","class":"TSStatic","__parent":"Mesh Spline 2 - 3b99f964-ec01-4037-aac1-9d67fd6c1b7a","position":[138.109711,-755.762207,140.754486],"isRenderEnabled":false,"rotationMatrix":[0.776977181,0.629045308,-0.0246659145,-0.603984654,0.755925775,0.252544522,0.17750755,-0.181323498,0.967270851],"shapeName":"/levels/west_coast_usa/art/shapes/objects/barrierfence_plain.dae"}
{"name":"Mesh Spline 2_Main_15","class":"TSStatic","__parent":"Mesh Spline 2 - 3b99f964-ec01-4037-aac1-9d67fd6c1b7a","position":[135.984909,-757.600769,140.800903],"isRenderEnabled":false,"rotationMatrix":[0.73014307,0.683120787,-0.0153993964,-0.656148255,0.707246959,0.263194203,0.190684617,-0.182065129,0.964619935],"shapeName":"/levels/west_coast_usa/art/shapes/objects/barrierfence_plain.dae"}
{"name":"Mesh Spline 2_Main_16","class":"TSStatic","__parent":"Mesh Spline 2 - 3b99f964-ec01-4037-aac1-9d67fd6c1b7a","position":[134.011093,-759.5979,140.848679],"isRenderEnabled":false,"rotationMatrix":[0.667360842,0.744328976,-0.0245737955,-0.716332912,0.650586069,0.252200186,0.203707278,-0.150705516,0.967363],"shapeName":"/levels/west_coast_usa/art/shapes/objects/barrierfence_plain.dae"}
{"name":"Mesh Spline 2_Main_17","class":"TSStatic","__parent":"Mesh Spline 2 - 3b99f964-ec01-4037-aac1-9d67fd6c1b7a","position":[132.189636,-761.737793,140.897415],"isRenderEnabled":false,"rotationMatrix":[0.631750107,0.774890363,-0.0208978876,-0.743183792,0.613124609,0.267873257,0.220385432,-0.153697968,0.96322751],"shapeName":"/levels/west_coast_usa/art/shapes/objects/barrierfence_plain.dae"}
{"name":"Mesh Spline 2_Main_18","class":"TSStatic","__parent":"Mesh Spline 2 - 3b99f964-ec01-4037-aac1-9d67fd6c1b7a","position":[130.481735,-763.96991,140.951157],"isRenderEnabled":false,"rotationMatrix":[0.593336463,0.804566383,-0.0249949396,-0.775897384,0.5799101,0.248369783,0.214324802,-0.127973348,0.968342781],"shapeName":"/levels/west_coast_usa/art/shapes/objects/barrierfence_plain.dae"}
{"name":"Mesh Spline 2_Main_19","class":"TSStatic","__parent":"Mesh Spline 2 - 3b99f964-ec01-4037-aac1-9d67fd6c1b7a","position":[128.887833,-766.284668,140.997223],"isRenderEnabled":false,"rotationMatrix":[0.548627138,0.836000085,-0.0105876774,-0.809542298,0.534343481,0.243142292,0.208924443,-0.124823287,0.969932854],"shapeName":"/levels/west_coast_usa/art/shapes/objects/barrierfence_plain.dae"}
{"name":"Mesh Spline 2_Main_20","class":"TSStatic","__parent":"Mesh Spline 2 - 3b99f964-ec01-4037-aac1-9d67fd6c1b7a","position":[127.42395,-768.683472,141.033371],"isRenderEnabled":false,"rotationMatrix":[0.486227989,0.873617768,-0.0193464085,-0.844539165,0.475497782,0.246283039,0.224356413,-0.103410915,0.969004869],"shapeName":"/levels/west_coast_usa/art/shapes/objects/barrierfence_plain.dae"}
{"name":"Mesh Spline 2_Main_21","class":"TSStatic","__parent":"Mesh Spline 2 - 3b99f964-ec01-4037-aac1-9d67fd6c1b7a","position":[126.111107,-771.167725,141.060013],"isRenderEnabled":false,"rotationMatrix":[0.445802748,0.895071268,-0.010356985,-0.88074708,0.440675557,0.173463464,0.159826219,-0.0682086125,0.984785855],"shapeName":"/levels/west_coast_usa/art/shapes/objects/barrierfence_plain.dae"}
{"name":"Mesh Spline 2_Main_22","class":"TSStatic","__parent":"Mesh Spline 2 - 3b99f964-ec01-4037-aac1-9d67fd6c1b7a","position":[124.97435,-773.736877,141.055618],"isRenderEnabled":false,"rotationMatrix":[0.366507947,0.930374622,0.00866182894,-0.908653498,0.355918527,0.218336463,0.200051814,-0.0878926441,0.975835085],"shapeName":"/levels/west_coast_usa/art/shapes/objects/barrierfence_plain.dae"}
{"name":"Mesh Spline 2_Main_23","class":"TSStatic","__parent":"Mesh Spline 2 - 3b99f964-ec01-4037-aac1-9d67fd6c1b7a","position":[124.021675,-776.379944,141.014175],"isRenderEnabled":false,"rotationMatrix":[0.317041337,0.948083222,0.0249589607,-0.92673558,0.304093719,0.220654011,0.201608509,-0.0930868015,0.975032747],"shapeName":"/levels/west_coast_usa/art/shapes/objects/barrierfence_plain.dae"}
{"name":"Mesh Spline 2_Main_24","class":"TSStatic","__parent":"Mesh Spline 2 - 3b99f964-ec01-4037-aac1-9d67fd6c1b7a","position":[123.233101,-779.076843,140.944519],"isRenderEnabled":false,"rotationMatrix":[0.24649328,0.968443692,0.0368502885,-0.952348053,0.23499769,0.194446102,0.179650366,-0.0830239505,0.980220795],"shapeName":"/levels/west_coast_usa/art/shapes/objects/barrierfence_plain.dae"}
{"name":"Mesh Spline 2_Main_25","class":"TSStatic","__parent":"Mesh Spline 2 - 3b99f964-ec01-4037-aac1-9d67fd6c1b7a","position":[122.581375,-781.809631,140.847244],"isRenderEnabled":false,"rotationMatrix":[0.218747973,0.974955261,0.0401440039,-0.959035933,0.207222998,0.193154559,0.179998308,-0.0807517022,0.980346739],"shapeName":"/levels/west_coast_usa/art/shapes/objects/barrierfence_plain.dae"}
{"name":"Mesh Spline 2_Main_26","class":"TSStatic","__parent":"Mesh Spline 2 - 3b99f964-ec01-4037-aac1-9d67fd6c1b7a","position":[122.043449,-784.566345,140.722183],"isRenderEnabled":false,"rotationMatrix":[0.164856791,0.985347629,0.0437296182,-0.957499504,0.149243653,0.246821821,0.236678943,-0.0825613365,0.968073726],"shapeName":"/levels/west_coast_usa/art/shapes/objects/barrierfence_plain.dae"}
{"name":"Mesh Spline 2_Main_27","class":"TSStatic","__parent":"Mesh Spline 2 - 3b99f964-ec01-4037-aac1-9d67fd6c1b7a","position":[121.599884,-787.338806,140.572388],"isRenderEnabled":false,"rotationMatrix":[0.134636164,0.989494383,0.0526681617,-0.972507298,0.121758938,0.198504925,0.190006703,-0.077946119,0.97868371],"shapeName":"/levels/west_coast_usa/art/shapes/objects/barrierfence_plain.dae"}
{"name":"Mesh Spline 2_Main_28","class":"TSStatic","__parent":"Mesh Spline 2 - 3b99f964-ec01-4037-aac1-9d67fd6c1b7a","position":[121.235703,-790.121887,140.40477],"isRenderEnabled":false,"rotationMatrix":[0.112447798,0.991496921,0.0654927194,-0.972416878,0.09624964,0.212465256,0.204355001,-0.0875774845,0.974971414],"shapeName":"/levels/west_coast_usa/art/shapes/objects/barrierfence_plain.dae"}
{"name":"Mesh Spline 2_Main_29","class":"TSStatic","__parent":"Mesh Spline 2 - 3b99f964-ec01-4037-aac1-9d67fd6c1b7a","position":[120.95417,-792.913635,140.225174],"isRenderEnabled":false,"rotationMatrix":[0.0769869089,0.99507457,0.0624465644,-0.970326245,0.0603786111,0.2341398,0.229216129,-0.0786192417,0.970195353],"shapeName":"/levels/west_coast_usa/art/shapes/objects/barrierfence_plain.dae"}
{"name":"Mesh Spline 2_Main_30","class":"TSStatic","__parent":"Mesh Spline 2 - 3b99f964-ec01-4037-aac1-9d67fd6c1b7a","position":[120.768166,-795.711609,140.022156],"isRenderEnabled":false,"rotationMatrix":[0.0405971408,0.995471835,0.0859515965,-0.985392332,0.0256497264,0.168357044,0.165390074,-0.0915308595,0.981971622],"shapeName":"/levels/west_coast_usa/art/shapes/objects/barrierfence_plain.dae"}
{"name":"Mesh Spline 2_Main_31","class":"TSStatic","__parent":"Mesh Spline 2 - 3b99f964-ec01-4037-aac1-9d67fd6c1b7a","position":[120.680458,-798.514526,139.823502],"isRenderEnabled":false,"rotationMatrix":[0.00719344616,0.997751236,0.0666382015,-0.994129658,-5.87701797e-05,0.108194932,0.10795556,-0.0670253038,0.991893768],"shapeName":"/levels/west_coast_usa/art/shapes/objects/barrierfence_plain.dae"}
{"name":"Mesh Spline 2_Main_32","class":"TSStatic","__parent":"Mesh Spline 2 - 3b99f964-ec01-4037-aac1-9d67fd6c1b7a","position":[120.688179,-801.320496,139.647095],"isRenderEnabled":false,"rotationMatrix":[-0.021070838,0.99734652,0.0696839616,-0.99614501,-0.0268796682,0.0835017487,0.0851532593,-0.0676558837,0.994068205],"shapeName":"/levels/west_coast_usa/art/shapes/objects/barrierfence_plain.dae"}
{"name":"Mesh Spline 2_Main_33","class":"TSStatic","__parent":"Mesh Spline 2 - 3b99f964-ec01-4037-aac1-9d67fd6c1b7a","position":[120.78569,-804.125793,139.486679],"isRenderEnabled":false,"rotationMatrix":[-0.0470221043,0.998017013,0.041844666,-0.99606818,-0.0499966145,0.0731333345,0.0750804022,-0.0382412523,0.996443927],"shapeName":"/levels/west_coast_usa/art/shapes/objects/barrierfence_plain.dae"}
{"name":"Mesh Spline 2_Main_34","class":"TSStatic","__parent":"Mesh Spline 2 - 3b99f964-ec01-4037-aac1-9d67fd6c1b7a","position":[120.96489,-806.926208,139.312012],"isRenderEnabled":false,"rotationMatrix":[-0.0850880146,0.993117452,0.0804840475,-0.987697721,-0.0947079659,0.124433272,0.131199345,-0.068906121,0.988958359],"shapeName":"/levels/west_coast_usa/art/shapes/objects/barrierfence_plain.dae"}
{"name":"Mesh Spline 2_Main_35","class":"TSStatic","__parent":"Mesh Spline 2 - 3b99f964-ec01-4037-aac1-9d67fd6c1b7a","position":[121.220398,-809.717957,139.09494],"isRenderEnabled":false,"rotationMatrix":[-0.102469683,0.991140306,0.0845042244,-0.970487535,-0.118253231,0.210166931,0.218297809,-0.0604745448,0.974006653],"shapeName":"/levels/west_coast_usa/art/shapes/objects/barrierfence_plain.dae"}
{"name":"Mesh Spline 2_Main_36","class":"TSStatic","__parent":"Mesh Spline 2 - 3b99f964-ec01-4037-aac1-9d67fd6c1b7a","position":[121.555832,-812.500671,138.872299],"isRenderEnabled":false,"rotationMatrix":[-0.142077923,0.986465693,0.0818500221,-0.974410772,-0.153932333,0.163794622,0.17417711,-0.056483943,0.983093023],"shapeName":"/levels/west_coast_usa/art/shapes/objects/barrierfence_plain.dae"}
{"name":"Mesh Spline 2_Main_37","class":"TSStatic","__parent":"Mesh Spline 2 - 3b99f964-ec01-4037-aac1-9d67fd6c1b7a","position":[121.967468,-815.272217,138.638046],"isRenderEnabled":false,"rotationMatrix":[-0.15400207,0.983524144,0.0946765542,-0.977104247,-0.165828466,0.133297458,0.146801338,-0.0719807744,0.986543536],"shapeName":"/levels/west_coast_usa/art/shapes/objects/barrierfence_plain.dae"}
{"name":"Mesh Spline 2_Main_38","class":"TSStatic","__parent":"Mesh Spline 2 - 3b99f964-ec01-4037-aac1-9d67fd6c1b7a","position":[122.44149,-818.034912,138.416626],"isRenderEnabled":false,"rotationMatrix":[-0.171730876,0.982608795,0.0706293955,-0.968723178,-0.18146944,0.169246405,0.179120094,-0.039355509,0.983039737],"shapeName":"/levels/west_coast_usa/art/shapes/objects/barrierfence_plain.dae"}
{"name":"Mesh Spline 2_Main_39","class":"TSStatic","__parent":"Mesh Spline 2 - 3b99f964-ec01-4037-aac1-9d67fd6c1b7a","position":[122.966942,-820.789551,138.210403],"isRenderEnabled":false,"rotationMatrix":[-0.198116899,0.977225602,0.0760247111,-0.971397102,-0.206109524,0.117925957,0.130909681,-0.0504870601,0.990107954],"shapeName":"/levels/west_coast_usa/art/shapes/objects/barrierfence_plain.dae"}
{"name":"Mesh Spline 2_Main_40","class":"TSStatic","__parent":"Mesh Spline 2 - 3b99f964-ec01-4037-aac1-9d67fd6c1b7a","position":[123.535706,-823.537109,138.0289],"isRenderEnabled":false,"rotationMatrix":[-0.20192039,0.977643371,0.058665473,-0.967155576,-0.208480358,0.145417348,0.154396906,-0.027375903,0.987629592],"shapeName":"/levels/west_coast_usa/art/shapes/objects/barrierfence_plain.dae"}
{"name":"Mesh Spline 2_Main_41","class":"TSStatic","__parent":"Mesh Spline 2 - 3b99f964-ec01-4037-aac1-9d67fd6c1b7a","position":[124.141617,-826.279785,137.893921],"isRenderEnabled":false,"rotationMatrix":[-0.217972636,0.974756062,0.0483589843,-0.964147508,-0.222755432,0.144220799,0.151352316,-0.0151890069,0.988363147],"shapeName":"/levels/west_coast_usa/art/shapes/objects/barrierfence_plain.dae"}
{"name":"Mesh Spline 2_Main_42","class":"TSStatic","__parent":"Mesh Spline 2 - 3b99f964-ec01-4037-aac1-9d67fd6c1b7a","position":[124.77919,-829.016663,137.795029],"isRenderEnabled":false,"rotationMatrix":[-0.232569814,0.97202003,0.0329929516,-0.960347295,-0.234875798,0.150221437,0.153767467,0.00325226039,0.988101721],"shapeName":"/levels/west_coast_usa/art/shapes/objects/barrierfence_plain.dae"}
{"name":"Mesh Spline 2_Main_43","class":"TSStatic","__parent":"Mesh Spline 2 - 3b99f964-ec01-4037-aac1-9d67fd6c1b7a","position":[125.444099,-831.748596,137.757828],"isRenderEnabled":false,"rotationMatrix":[-0.250612378,0.968087554,-0.000104285777,-0.957252502,-0.24779129,0.149221778,0.144433886,0.0374966338,0.988803744],"shapeName":"/levels/west_coast_usa/art/shapes/objects/barrierfence_plain.dae"}
{"name":"Mesh Spline 2_Main_44","class":"TSStatic","__parent":"Mesh Spline 2 - 3b99f964-ec01-4037-aac1-9d67fd6c1b7a","position":[126.132271,-834.474915,137.779419],"isRenderEnabled":false,"rotationMatrix":[-0.245261788,0.96932888,-0.0157538317,-0.962615609,-0.241571784,0.122533306,0.114969388,0.0452176221,0.992339373],"shapeName":"/levels/west_coast_usa/art/shapes/objects/barrierfence_plain.dae"}
{"name":"Mesh Spline 2_Main_45","class":"TSStatic","__parent":"Mesh Spline 2 - 3b99f964-ec01-4037-aac1-9d67fd6c1b7a","position":[126.838028,-837.196289,137.840393],"isRenderEnabled":false,"rotationMatrix":[-0.255142689,0.966756344,-0.0168627724,-0.955735803,-0.249514461,0.155921385,0.146530479,0.0558985472,0.987625539],"shapeName":"/levels/west_coast_usa/art/shapes/objects/barrierfence_plain.dae"}
{"name":"Mesh Spline 2_Main_46","class":"TSStatic","__parent":"Mesh Spline 2 - 3b99f964-ec01-4037-aac1-9d67fd6c1b7a","position":[127.555771,-839.913513,137.93576],"isRenderEnabled":false,"rotationMatrix":[-0.259655118,0.964656115,-0.0449183807,-0.955984831,-0.250182629,0.153302267,0.136646181,0.0827470273,0.987157941],"shapeName":"/levels/west_coast_usa/art/shapes/objects/barrierfence_plain.dae"}
{"name":"Mesh Spline 2_Main_47","class":"TSStatic","__parent":"Mesh Spline 2 - 3b99f964-ec01-4037-aac1-9d67fd6c1b7a","position":[128.288086,-842.625,138.074905],"isRenderEnabled":false,"rotationMatrix":[-0.257374525,0.96460247,-0.0574497171,-0.958976865,-0.247657895,0.137945384,0.118834585,0.090596579,0.988772273],"shapeName":"/levels/west_coast_usa/art/shapes/objects/barrierfence_plain.dae"}
{"name":"Mesh Spline 2_Main_48","class":"TSStatic","__parent":"Mesh Spline 2 - 3b99f964-ec01-4037-aac1-9d67fd6c1b7a","position":[129.044357,-845.328003,138.246048],"isRenderEnabled":false,"rotationMatrix":[-0.279052854,0.957519114,-0.0727099776,-0.951946676,-0.26588726,0.151991814,0.126202419,0.111629754,0.985703707],"shapeName":"/levels/west_coast_usa/art/shapes/objects/barrierfence_plain.dae"}
{"name":"Mesh Spline 2_Main_49","class":"TSStatic","__parent":"Mesh Spline 2 - 3b99f964-ec01-4037-aac1-9d67fd6c1b7a","position":[129.834351,-848.020081,138.436569],"isRenderEnabled":false,"rotationMatrix":[-0.296627045,0.951962411,-0.0760260373,-0.94695276,-0.28288734,0.15249671,0.123664349,0.117227718,0.985375464],"shapeName":"/levels/west_coast_usa/art/shapes/objects/barrierfence_plain.dae"}
{"name":"Mesh Spline 2_Main_50","class":"TSStatic","__parent":"Mesh Spline 2 - 3b99f964-ec01-4037-aac1-9d67fd6c1b7a","position":[130.668121,-850.69696,138.651505],"isRenderEnabled":false,"rotationMatrix":[-0.298986793,0.951217055,-0.0761125237,-0.943564177,-0.282787442,0.172389194,0.142455876,0.123359129,0.982083917],"shapeName":"/levels/west_coast_usa/art/shapes/objects/barrierfence_plain.dae"}
{"name":"Mesh Spline 2_Main_51","class":"TSStatic","__parent":"Mesh Spline 2 - 3b99f964-ec01-4037-aac1-9d67fd6c1b7a","position":[131.556885,-853.354492,138.884842],"isRenderEnabled":false,"rotationMatrix":[-0.331713319,0.939239621,-0.0882907808,-0.935182095,-0.315075755,0.161745936,0.124099895,0.13622123,0.98287487],"shapeName":"/levels/west_coast_usa/art/shapes/objects/barrierfence_plain.dae"}
{"name":"Mesh Spline 2_Main_52","class":"TSStatic","__parent":"Mesh Spline 2 - 3b99f964-ec01-4037-aac1-9d67fd6c1b7a","position":[132.512787,-855.986816,139.136398],"isRenderEnabled":false,"rotationMatrix":[-0.349700809,0.932635486,-0.0888846591,-0.932132185,-0.33684504,0.132910296,0.0940164998,0.129331067,0.987134397],"shapeName":"/levels/west_coast_usa/art/shapes/objects/barrierfence_plain.dae"}
{"name":"Mesh Spline 2_Main_53","class":"TSStatic","__parent":"Mesh Spline 2 - 3b99f964-ec01-4037-aac1-9d67fd6c1b7a","position":[133.549667,-858.586487,139.403351],"isRenderEnabled":false,"rotationMatrix":[-0.377695799,0.921540499,-0.0900503695,-0.921964288,-0.365304112,0.128587916,0.0856032073,0.131590322,0.987601161],"shapeName":"/levels/west_coast_usa/art/shapes/objects/barrierfence_plain.dae"}
{"name":"Mesh Spline 2_Main_54","class":"TSStatic","__parent":"Mesh Spline 2 - 3b99f964-ec01-4037-aac1-9d67fd6c1b7a","position":[134.679581,-861.145508,139.68425],"isRenderEnabled":false,"rotationMatrix":[-0.412960768,0.905497789,-0.0976583883,-0.901080608,-0.390638471,0.188295498,0.132352009,0.165756747,0.977244914],"shapeName":"/levels/west_coast_usa/art/shapes/objects/barrierfence_plain.dae"}
{"name":"Mesh Spline 2_Main_55","class":"TSStatic","__parent":"Mesh Spline 2 - 3b99f964-ec01-4037-aac1-9d67fd6c1b7a","position":[135.894272,-863.661621,139.99852],"isRenderEnabled":false,"rotationMatrix":[-0.452759862,0.884571731,-0.111988075,-0.885701597,-0.43172431,0.170724034,0.102669679,0.176485032,0.978934109],"shapeName":"/levels/west_coast_usa/art/shapes/objects/barrierfence_plain.dae"}
{"name":"Mesh Spline 2_Main_56","class":"TSStatic","__parent":"Mesh Spline 2 - 3b99f964-ec01-4037-aac1-9d67fd6c1b7a","position":[137.181961,-866.136841,140.345551],"isRenderEnabled":false,"rotationMatrix":[-0.473871112,0.872462869,-0.119393043,-0.875083566,-0.451412916,0.174514115,0.0983615294,0.187176079,0.977389455],"shapeName":"/levels/west_coast_usa/art/shapes/objects/barrierfence_plain.dae"}
{"name":"Mesh Spline 2_Main_57","class":"TSStatic","__parent":"Mesh Spline 2 - 3b99f964-ec01-4037-aac1-9d67fd6c1b7a","position":[138.545929,-868.567749,140.713272],"isRenderEnabled":false,"rotationMatrix":[-0.501897693,0.854878068,-0.131461963,-0.862124205,-0.482232928,0.155541584,0.0695738047,0.19140251,0.979042649],"shapeName":"/levels/west_coast_usa/art/shapes/objects/barrierfence_plain.dae"}
{"name":"Mesh Spline 2_Main_58","class":"TSStatic","__parent":"Mesh Spline 2 - 3b99f964-ec01-4037-aac1-9d67fd6c1b7a","position":[139.990967,-870.949646,141.091049],"isRenderEnabled":false,"rotationMatrix":[-0.521317244,0.843547702,-0.129056528,-0.845622063,-0.490323067,0.210965827,0.114680335,0.219113186,0.968936443],"shapeName":"/levels/west_coast_usa/art/shapes/objects/barrierfence_plain.dae"}
{"name":"Mesh Spline 2_Main_59","class":"TSStatic","__parent":"Mesh Spline 2 - 3b99f964-ec01-4037-aac1-9d67fd6c1b7a","position":[141.520325,-873.278198,141.468445],"isRenderEnabled":false,"rotationMatrix":[-0.566693187,0.812424242,-0.137206495,-0.82216531,-0.546694875,0.158647165,0.0538787134,0.202710703,0.977755308],"shapeName":"/levels/west_coast_usa/art/shapes/objects/barrierfence_plain.dae"}
{"name":"Mesh Spline 2_Main_60","class":"TSStatic","__parent":"Mesh Spline 2 - 3b99f964-ec01-4037-aac1-9d67fd6c1b7a","position":[143.134338,-875.548096,141.851059],"isRenderEnabled":false,"rotationMatrix":[-0.581788659,0.801188886,-0.140064791,-0.808932245,-0.552087188,0.202060059,0.08456029,0.230859205,0.969305694],"shapeName":"/levels/west_coast_usa/art/shapes/objects/barrierfence_plain.dae"}
{"name":"Mesh Spline 2_Main_61","class":"TSStatic","__parent":"Mesh Spline 2 - 3b99f964-ec01-4037-aac1-9d67fd6c1b7a","position":[144.831772,-877.755371,142.237305],"isRenderEnabled":false,"rotationMatrix":[-0.623508096,0.771501184,-0.126583666,-0.778680444,-0.598324895,0.188848838,0.0699589327,0.216317013,0.973813474],"shapeName":"/levels/west_coast_usa/art/shapes/objects/barrierfence_plain.dae"}
{"name":"Mesh Spline 2_Main_62","class":"TSStatic","__parent":"Mesh Spline 2 - 3b99f964-ec01-4037-aac1-9d67fd6c1b7a","position":[146.604874,-879.901367,142.630234],"isRenderEnabled":false,"rotationMatrix":[-0.646379471,0.747929752,-0.150979117,-0.760595977,-0.615842223,0.205504507,0.0607236177,0.247667998,0.966940105],"shapeName":"/levels/west_coast_usa/art/shapes/objects/barrierfence_plain.dae"}
{"name":"Mesh Spline 2_Main_63","class":"TSStatic","__parent":"Mesh Spline 2 - 3b99f964-ec01-4037-aac1-9d67fd6c1b7a","position":[148.439987,-881.993408,143.031357],"isRenderEnabled":false,"rotationMatrix":[-0.655889034,0.74215275,-0.137908354,-0.750190556,-0.620580316,0.228241399,0.0838067681,0.253158599,0.963787913],"shapeName":"/levels/west_coast_usa/art/shapes/objects/barrierfence_plain.dae"}
{"name":"Mesh Spline 2_Main_64","class":"TSStatic","__parent":"Mesh Spline 2 - 3b99f964-ec01-4037-aac1-9d67fd6c1b7a","position":[150.331787,-884.033325,143.437851],"isRenderEnabled":false,"rotationMatrix":[-0.676606178,0.721442521,-0.147393301,-0.735901415,-0.655565977,0.169358715,0.0255565308,0.223056093,0.974470556],"shapeName":"/levels/west_coast_usa/art/shapes/objects/barrierfence_plain.dae"}
{"name":"Mesh Spline 2_Main_65","class":"TSStatic","__parent":"Mesh Spline 2 - 3b99f964-ec01-4037-aac1-9d67fd6c1b7a","position":[152.282257,-886.012207,143.867752],"isRenderEnabled":false,"rotationMatrix":[-0.708033681,0.689597428,-0.152130499,-0.70617789,-0.69110024,0.153925687,0.00100933015,0.216415763,0.976300776],"shapeName":"/levels/west_coast_usa/art/shapes/objects/barrierfence_plain.dae"}
{"name":"Mesh Spline 2_Main_66","class":"TSStatic","__parent":"Mesh Spline 2 - 3b99f964-ec01-4037-aac1-9d67fd6c1b7a","position":[154.296707,-887.922241,144.313293],"isRenderEnabled":false,"rotationMatrix":[-0.730546713,0.663933814,-0.159666389,-0.682860196,-0.709654689,0.173470929,0.00186520815,0.235758439,0.971809924],"shapeName":"/levels/west_coast_usa/art/shapes/objects/barrierfence_plain.dae"}
{"name":"Mesh Spline 2_Main_67","class":"TSStatic","__parent":"Mesh Spline 2 - 3b99f964-ec01-4037-aac1-9d67fd6c1b7a","position":[156.383301,-889.755737,144.747208],"isRenderEnabled":false,"rotationMatrix":[-0.759126186,0.632046878,-0.155705422,-0.65018338,-0.747784495,0.134461284,-0.0314482711,0.203310162,0.978609204],"shapeName":"/levels/west_coast_usa/art/shapes/objects/barrierfence_plain.dae"}
{"name":"Mesh Spline 2_Main_68","class":"TSStatic","__parent":"Mesh Spline 2 - 3b99f964-ec01-4037-aac1-9d67fd6c1b7a","position":[158.547913,-891.499512,145.167328],"isRenderEnabled":false,"rotationMatrix":[-0.78720665,0.596393585,-0.156908438,-0.614748359,-0.779073834,0.122997671,-0.0488882363,0.193283796,0.979924142],"shapeName":"/levels/west_coast_usa/art/shapes/objects/barrierfence_plain.dae"}
{"name":"Mesh Spline 2_Main_69","class":"TSStatic","__parent":"Mesh Spline 2 - 3b99f964-ec01-4037-aac1-9d67fd6c1b7a","position":[160.796051,-893.136475,145.576065],"isRenderEnabled":false,"rotationMatrix":[-0.81446135,0.560196936,-0.151102394,-0.576682508,-0.810270667,0.104396135,-0.0639514551,0.172164738,0.982990086],"shapeName":"/levels/west_coast_usa/art/shapes/objects/barrierfence_plain.dae"}
{"name":"Mesh Spline 2_Main_70","class":"TSStatic","__parent":"Mesh Spline 2 - 3b99f964-ec01-4037-aac1-9d67fd6c1b7a","position":[163.134201,-894.645447,145.966675],"isRenderEnabled":false,"rotationMatrix":[-0.847534537,0.511567473,-0.141365156,-0.526797175,-0.843256235,0.106789663,-0.0645769089,0.164978668,0.984180808],"shapeName":"/levels/west_coast_usa/art/shapes/objects/barrierfence_plain.dae"}
{"name":"Mesh Spline 2_Main_71","class":"TSStatic","__parent":"Mesh Spline 2 - 3b99f964-ec01-4037-aac1-9d67fd6c1b7a","position":[165.568039,-896.002197,146.313477],"isRenderEnabled":false,"rotationMatrix":[-0.889281034,0.445580989,-0.103135586,-0.447803348,-0.894130349,-0.00178824738,-0.0930134654,0.0445942096,0.994665682],"shapeName":"/levels/west_coast_usa/art/shapes/objects/barrierfence_plain.dae"}
{"name":"Mesh Spline 2_Main_72","class":"TSStatic","__parent":"Mesh Spline 2 - 3b99f964-ec01-4037-aac1-9d67fd6c1b7a","position":[168.092377,-897.199158,146.588806],"isRenderEnabled":false,"rotationMatrix":[-0.90979135,0.406356156,-0.0845837295,-0.408402205,-0.912769556,0.00769942068,-0.0740767568,0.0415490493,0.996386647],"shapeName":"/levels/west_coast_usa/art/shapes/objects/barrierfence_plain.dae"}
{"name":"Mesh Spline 2_Main_73","class":"TSStatic","__parent":"Mesh Spline 2 - 3b99f964-ec01-4037-aac1-9d67fd6c1b7a","position":[170.685547,-898.250732,146.822678],"isRenderEnabled":false,"rotationMatrix":[-0.930516601,0.358319849,-0.0757985041,-0.360458404,-0.932633638,0.016245883,-0.0648710206,0.0424392745,0.9969908],"shapeName":"/levels/west_coast_usa/art/shapes/objects/barrierfence_plain.dae"}
{"name":"Mesh Spline 2_Main_74","class":"TSStatic","__parent":"Mesh Spline 2 - 3b99f964-ec01-4037-aac1-9d67fd6c1b7a","position":[173.327744,-899.184326,147.018738],"isRenderEnabled":false,"rotationMatrix":[-0.949848771,0.306646526,-0.061282739,-0.30813992,-0.951200128,0.0163848419,-0.0532677844,0.0344467759,0.997985959],"shapeName":"/levels/west_coast_usa/art/shapes/objects/barrierfence_plain.dae"}
{"name":"Mesh Spline 2_Main_75","class":"TSStatic","__parent":"Mesh Spline 2 - 3b99f964-ec01-4037-aac1-9d67fd6c1b7a","position":[176.003372,-900.033936,147.166519],"isRenderEnabled":false,"rotationMatrix":[-0.953287721,0.29656294,-0.0573848337,-0.297897786,-0.954461932,0.0161062814,-0.0499951094,0.0324487314,0.998222232],"shapeName":"/levels/west_coast_usa/art/shapes/objects/barrierfence_plain.dae"}
{"name":"Mesh Spline 2_Main_76","class":"TSStatic","__parent":"Mesh Spline 2 - 3b99f964-ec01-4037-aac1-9d67fd6c1b7a","position":[178.696777,-900.832825,147.283966],"isRenderEnabled":false,"rotationMatrix":[-0.962267518,0.269083232,-0.0404386967,-0.269883782,-0.962764144,0.015745284,-0.0346961394,0.0260649268,0.999057949],"shapeName":"/levels/west_coast_usa/art/shapes/objects/barrierfence_plain.dae"}
{"name":"Mesh Spline 2_Main_77","class":"TSStatic","__parent":"Mesh Spline 2 - 3b99f964-ec01-4037-aac1-9d67fd6c1b7a","position":[181.397247,-901.611694,147.37616],"isRenderEnabled":false,"rotationMatrix":[-0.959735632,0.279068351,-0.0320722498,-0.279309869,-0.960195661,0.00322430348,-0.0298958328,0.0120525751,0.999480367],"shapeName":"/levels/west_coast_usa/art/shapes/objects/barrierfence_plain.dae"}
{"name":"Mesh Spline 2_Main_78","class":"TSStatic","__parent":"Mesh Spline 2 - 3b99f964-ec01-4037-aac1-9d67fd6c1b7a","position":[184.097168,-902.394531,147.451645],"isRenderEnabled":false,"rotationMatrix":[-0.958475828,0.283970445,-0.0261677988,-0.285126179,-0.955946088,0.0697861388,-0.00519780535,0.0743494555,0.997218728],"shapeName":"/levels/west_coast_usa/art/shapes/objects/barrierfence_plain.dae"}
{"name":"Mesh Spline 2_Main_79","class":"TSStatic","__parent":"Mesh Spline 2 - 3b99f964-ec01-4037-aac1-9d67fd6c1b7a","position":[186.800369,-903.167053,147.512939],"isRenderEnabled":false,"rotationMatrix":[-0.962021947,0.271457702,-0.0287119914,-0.272646815,-0.960678101,0.0525470078,-0.0133186933,0.0583796129,0.998205602],"shapeName":"/levels/west_coast_usa/art/shapes/objects/barrierfence_plain.dae"}
{"name":"Mesh Spline 2_Main_80","class":"TSStatic","__parent":"Mesh Spline 2 - 3b99f964-ec01-4037-aac1-9d67fd6c1b7a","position":[189.514847,-903.899536,147.56485],"isRenderEnabled":false,"rotationMatrix":[-0.965189219,0.261179894,-0.0139570758,-0.261489362,-0.964754224,0.0295429453,-0.00574912317,0.0321641602,0.999466062],"shapeName":"/levels/west_coast_usa/art/shapes/objects/barrierfence_plain.dae"}
{"name":"Mesh Spline 2_Main_81","class":"TSStatic","__parent":"Mesh Spline 2 - 3b99f964-ec01-4037-aac1-9d67fd6c1b7a","position":[192.240219,-904.590881,147.612244],"isRenderEnabled":false,"rotationMatrix":[-0.972184539,0.233738005,-0.0149603207,-0.233737409,-0.972298145,-0.00181216013,-0.0149694607,0.00173503265,0.999886453],"shapeName":"/levels/west_coast_usa/art/shapes/objects/barrierfence_plain.dae"}
{"name":"Mesh Spline 2_Main_82","class":"TSStatic","__parent":"Mesh Spline 2 - 3b99f964-ec01-4037-aac1-9d67fd6c1b7a","position":[194.973602,-905.249695,147.663025],"isRenderEnabled":false,"rotationMatrix":[-0.974198222,0.225247815,-0.0141818067,-0.225514129,-0.974005938,0.0213476028,-0.00900466274,0.0239949953,0.999671519],"shapeName":"/levels/west_coast_usa/art/shapes/objects/barrierfence_plain.dae"}
{"name":"Mesh Spline 2_Main_83","class":"TSStatic","__parent":"Mesh Spline 2 - 3b99f964-ec01-4037-aac1-9d67fd6c1b7a","position":[197.712784,-905.88324,147.72345],"isRenderEnabled":false,"rotationMatrix":[-0.974138737,0.224366978,-0.0267066956,-0.224516764,-0.974466443,0.00270956894,-0.0254168399,0.0086355973,0.99963963],"shapeName":"/levels/west_coast_usa/art/shapes/objects/barrierfence_plain.dae"}
{"name":"Mesh Spline 2_Main_84","class":"TSStatic","__parent":"Mesh Spline 2 - 3b99f964-ec01-4037-aac1-9d67fd6c1b7a","position":[200.456146,-906.497437,147.79393],"isRenderEnabled":false,"rotationMatrix":[-0.97595048,0.215139687,-0.0351495296,-0.214591533,-0.976524234,-0.0187315866,-0.0383542776,-0.0107383095,0.999206483],"shapeName":"/levels/west_coast_usa/art/shapes/objects/barrierfence_plain.dae"}
{"name":"Mesh Spline 2_Main_85","class":"TSStatic","__parent":"Mesh Spline 2 - 3b99f964-ec01-4037-aac1-9d67fd6c1b7a","position":[203.202515,-907.097595,147.868927],"isRenderEnabled":false,"rotationMatrix":[-0.977760315,0.206921905,-0.0341801345,-0.207309335,-0.978241444,0.00817019958,-0.0317458287,0.0150743565,0.999382317],"shapeName":"/levels/west_coast_usa/art/shapes/objects/barrierfence_plain.dae"}
{"name":"Mesh Spline 2_Main_86","class":"TSStatic","__parent":"Mesh Spline 2 - 3b99f964-ec01-4037-aac1-9d67fd6c1b7a","position":[205.950958,-907.688354,147.942535],"isRenderEnabled":false,"rotationMatrix":[-0.978156805,0.204748392,-0.035877984,-0.204973668,-0.9787637,0.00267845811,-0.0345676653,0.00997399539,0.999352574],"shapeName":"/levels/west_coast_usa/art/shapes/objects/barrierfence_plain.dae"}
{"name":"Mesh Spline 2_Main_87","class":"TSStatic","__parent":"Mesh Spline 2 - 3b99f964-ec01-4037-aac1-9d67fd6c1b7a","position":[208.700607,-908.273865,148.013229],"isRenderEnabled":false,"rotationMatrix":[-0.977521062,0.209599897,-0.0228108168,-0.20962216,-0.977781296,-0.00143755763,-0.0226053037,0.00337640964,0.999738753],"shapeName":"/levels/west_coast_usa/art/shapes/objects/barrierfence_plain.dae"}
{"name":"Mesh Spline 2_Main_88","class":"TSStatic","__parent":"Mesh Spline 2 - 3b99f964-ec01-4037-aac1-9d67fd6c1b7a","position":[211.450668,-908.858032,148.078308],"isRenderEnabled":false,"rotationMatrix":[-0.97785449,0.207718194,-0.0255717896,-0.207833499,-0.978162408,0.0019076087,-0.0246171169,0.00718003791,0.999671161],"shapeName":"/levels/west_coast_usa/art/shapes/objects/barrierfence_plain.dae"}
{"name":"Mesh Spline 2_Main_89","class":"TSStatic","__parent":"Mesh Spline 2 - 3b99f964-ec01-4037-aac1-9d67fd6c1b7a","position":[214.200378,-909.444519,148.137421],"isRenderEnabled":false,"rotationMatrix":[-0.977722883,0.208352908,-0.0254339259,-0.208416715,-0.97803998,-0.000144828577,-0.0249055754,0.00515925325,0.999676466],"shapeName":"/levels/west_coast_usa/art/shapes/objects/barrierfence_plain.dae"}
{"name":"Mesh Spline 2_Main_90","class":"TSStatic","__parent":"Mesh Spline 2 - 3b99f964-ec01-4037-aac1-9d67fd6c1b7a","position":[216.948929,-910.036926,148.191406],"isRenderEnabled":false,"rotationMatrix":[-0.978451729,0.204711869,-0.0269288793,-0.205083922,-0.978672743,0.011838627,-0.0239310525,0.0171062052,0.99956727],"shapeName":"/levels/west_coast_usa/art/shapes/objects/barrierfence_plain.dae"}
{"name":"Mesh Spline 2_Main_91","class":"TSStatic","__parent":"Mesh Spline 2 - 3b99f964-ec01-4037-aac1-9d67fd6c1b7a","position":[219.695511,-910.638672,148.241165],"isRenderEnabled":false,"rotationMatrix":[-0.977672577,0.209636658,-0.0144558894,-0.209734321,-0.977742434,0.00559112383,-0.0129620312,0.00849818438,0.999879897],"shapeName":"/levels/west_coast_usa/art/shapes/objects/barrierfence_plain.dae"}
{"name":"Mesh Spline 2_Main_92","class":"TSStatic","__parent":"Mesh Spline 2 - 3b99f964-ec01-4037-aac1-9d67fd6c1b7a","position":[222.439301,-911.253296,148.287125],"isRenderEnabled":false,"rotationMatrix":[-0.977007151,0.213105172,-0.00658688182,-0.213157624,-0.976979256,0.00867967866,-0.00458556274,0.0098841507,0.999940634],"shapeName":"/levels/west_coast_usa/art/shapes/objects/barrierfence_plain.dae"}
{"name":"Mesh Spline 2_Main_93","class":"TSStatic","__parent":"Mesh Spline 2 - 3b99f964-ec01-4037-aac1-9d67fd6c1b7a","position":[225.180283,-911.880737,148.327866],"isRenderEnabled":false,"rotationMatrix":[-0.974929214,0.222073629,-0.0140162092,-0.222073212,-0.975028753,-0.00160493841,-0.0140226204,0.00154792308,0.99990046],"shapeName":"/levels/west_coast_usa/art/shapes/objects/barrierfence_plain.dae"}
{"name":"Mesh Spline 2_Main_94","class":"TSStatic","__parent":"Mesh Spline 2 - 3b99f964-ec01-4037-aac1-9d67fd6c1b7a","position":[227.919479,-912.516174,148.365021],"isRenderEnabled":false,"rotationMatrix":[-0.975827575,0.21849829,-0.00436105207,-0.218514115,-0.975827217,0.00355397933,-0.00347909518,0.00442102272,0.999984205],"shapeName":"/levels/west_coast_usa/art/shapes/objects/barrierfence_plain.dae"}
{"name":"Mesh Spline 2_Main_95","class":"TSStatic","__parent":"Mesh Spline 2 - 3b99f964-ec01-4037-aac1-9d67fd6c1b7a","position":[230.657623,-913.15625,148.399658],"isRenderEnabled":false,"rotationMatrix":[-0.973947763,0.226554528,-0.00992326252,-0.226643488,-0.973936081,0.00899707526,-0.00762629695,0.0110117253,0.999910295],"shapeName":"/levels/west_coast_usa/art/shapes/objects/barrierfence_plain.dae"}
{"name":"Mesh Spline 2_Main_96","class":"TSStatic","__parent":"Mesh Spline 2 - 3b99f964-ec01-4037-aac1-9d67fd6c1b7a","position":[233.39505,-913.799683,148.429352],"isRenderEnabled":false,"rotationMatrix":[-0.971848965,0.235386074,-0.0101580778,-0.235332072,-0.971895218,-0.00623589754,-0.0113404291,-0.00366982818,0.999928951],"shapeName":"/levels/west_coast_usa/art/shapes/objects/barrierfence_plain.dae"}
{"name":"Mesh Spline 2_Main_97","class":"TSStatic","__parent":"Mesh Spline 2 - 3b99f964-ec01-4037-aac1-9d67fd6c1b7a","position":[236.132004,-914.445251,148.455627],"isRenderEnabled":false,"rotationMatrix":[-0.973428011,0.228505015,-0.0149490219,-0.228631407,-0.973485351,0.00735396333,-0.0128722358,0.0105763692,0.99986124],"shapeName":"/levels/west_coast_usa/art/shapes/objects/barrierfence_plain.dae"}
{"name":"Mesh Spline 2_Main_98","class":"TSStatic","__parent":"Mesh Spline 2 - 3b99f964-ec01-4037-aac1-9d67fd6c1b7a","position":[238.868729,-915.091919,148.478333],"isRenderEnabled":false,"rotationMatrix":[-0.974495411,0.224170178,-0.01030715,-0.224162459,-0.97454989,-0.00191303832,-0.0104736779,0.000446228834,0.999945045],"shapeName":"/levels/west_coast_usa/art/shapes/objects/barrierfence_plain.dae"}
{"name":"Mesh Spline 2_Main_99","class":"TSStatic","__parent":"Mesh Spline 2 - 3b99f964-ec01-4037-aac1-9d67fd6c1b7a","position":[241.605469,-915.738647,148.497452],"isRenderEnabled":false,"rotationMatrix":[-0.97382915,0.227072105,-0.00975116808,-0.227023229,-0.973871708,-0.0058702589,-0.0108293584,-0.00350288721,0.99993521],"shapeName":"/levels/west_coast_usa/art/shapes/objects/barrierfence_plain.dae"}
